1 0 2 1 93 0.400000 13.294327
2 1 3 0 0 0.400000 13.242143
3 2 4 0 0 0.400000 5.239104
4 3 5 1 42 0.400000 2.238144
5 4 6 0 0 0.150000 8.243413
6 5 7 0 0 0.150000 3.842715
7 6 8 0 0 0.150000 8.198441
8 7 9 0 0 0.150000 7.950576
9 8 10 1 30 0.150000 4.496388
10 9 11 0 0 0.150000 9.360651
11 10 12 0 0 0.150000 9.666883
12 11 13 0 0 0.150000 8.260560
13 12 14 1 23 0.150000 10.112431
14 13 15 0 0 0.150000 12.508958
15 14 16 0 0 0.150000 9.928839
16 15 17 0 0 0.150000 7.492827
17 16 18 0 0 0.150000 10.255954
18 17 19 0 0 0.150000 14.326510
19 18 20 0 0 0.150000 10.411710
20 19 21 0 0 0.150000 9.779208
21 20 22 0 0 0.150000 7.065331
22 21 22 0 0 0.150000 5.100650
23 13 24 0 0 0.150000 11.054528
24 23 25 0 0 0.150000 15.338033
25 24 26 0 0 0.150000 11.064824
26 25 27 0 0 0.150000 7.937678
27 26 28 0 0 0.150000 7.817058
28 27 29 0 0 0.150000 5.312561
29 28 29 0 0 0.150000 6.731294
30 9 31 0 0 0.150000 7.838259
31 30 32 0 0 0.150000 10.595688
32 31 33 0 0 0.150000 10.559347
33 32 34 0 0 0.150000 8.729091
34 33 35 0 0 0.150000 12.542284
35 34 36 0 0 0.150000 10.417033
36 35 37 0 0 0.150000 15.886074
37 36 38 0 0 0.150000 10.855716
38 37 39 0 0 0.150000 10.302010
39 38 40 0 0 0.150000 9.983725
40 39 41 0 0 0.150000 6.965868
41 40 41 0 0 0.150000 5.859173
42 4 43 0 0 0.200000 11.546379
43 42 44 0 0 0.200000 11.051165
44 43 45 1 64 0.200000 5.004072
45 44 46 0 0 0.150000 4.605807
46 45 47 0 0 0.150000 9.394657
47 46 48 0 0 0.150000 7.513461
48 47 49 0 0 0.150000 2.696134
49 48 50 0 0 0.150000 9.756812
50 49 51 0 0 0.150000 6.036315
51 50 52 0 0 0.150000 10.655496
52 51 53 0 0 0.150000 6.968113
53 52 54 0 0 0.150000 8.727869
54 53 55 0 0 0.150000 5.585965
55 54 56 0 0 0.150000 13.217216
56 55 57 0 0 0.150000 13.999107
57 56 58 0 0 0.150000 8.117198
58 57 59 0 0 0.150000 6.466228
59 58 60 0 0 0.150000 7.940535
60 59 61 0 0 0.150000 7.968896
61 60 62 0 0 0.150000 6.697947
62 61 63 0 0 0.150000 5.132524
63 62 63 0 0 0.150000 8.569490
64 44 65 0 0 0.150000 11.089845
65 64 66 0 0 0.150000 4.066069
66 65 67 1 80 0.150000 8.513369
67 66 68 0 0 0.150000 3.601867
68 67 69 0 0 0.150000 10.116420
69 68 70 0 0 0.150000 12.758850
70 69 71 0 0 0.150000 8.637712
71 70 72 0 0 0.150000 8.233666
72 71 73 0 0 0.150000 7.869798
73 72 74 0 0 0.150000 7.533326
74 73 75 0 0 0.150000 7.908103
75 74 76 0 0 0.150000 6.700104
76 75 77 0 0 0.150000 4.952555
77 76 78 0 0 0.150000 4.533718
78 77 79 0 0 0.150000 4.501511
79 78 79 0 0 0.150000 7.245514
80 66 81 0 0 0.150000 7.532710
81 80 82 0 0 0.150000 5.242579
82 81 83 0 0 0.150000 4.770327
83 82 84 0 0 0.150000 5.738513
84 83 85 0 0 0.150000 6.918497
85 84 86 0 0 0.150000 14.721250
86 85 87 0 0 0.150000 11.060077
87 86 88 0 0 0.150000 6.088792
88 87 89 0 0 0.150000 6.077955
89 88 90 0 0 0.150000 9.046598
90 89 91 0 0 0.150000 6.210926
91 90 92 0 0 0.150000 3.626448
92 91 92 0 0 0.150000 14.740197
93 1 94 0 0 1.850000 15.277129
94 93 95 1 168 1.600000 11.557329
95 94 96 1 150 0.150000 3.390178
96 95 97 0 0 0.150000 3.530343
97 96 98 1 125 0.150000 2.246043
98 97 99 0 0 0.150000 3.905457
99 98 100 0 0 0.150000 4.060058
100 99 101 0 0 0.150000 3.201924
101 100 102 0 0 0.150000 6.227854
102 101 103 0 0 0.150000 5.311530
103 102 104 0 0 0.150000 3.240478
104 103 105 1 115 0.150000 2.998433
105 104 106 0 0 0.150000 4.504227
106 105 107 0 0 0.150000 4.637052
107 106 108 0 0 0.150000 5.941547
108 107 109 0 0 0.150000 4.716552
109 108 110 0 0 0.150000 6.226468
110 109 111 0 0 0.150000 5.216599
111 110 112 0 0 0.150000 4.387703
112 111 113 0 0 0.150000 5.498975
113 112 114 0 0 0.150000 2.692750
114 113 114 0 0 0.150000 4.275733
115 104 116 0 0 0.150000 9.216214
116 115 117 0 0 0.150000 4.899184
117 116 118 0 0 0.150000 10.864166
118 117 119 0 0 0.150000 7.295108
119 118 120 0 0 0.150000 9.007619
120 119 121 0 0 0.150000 12.082616
121 120 122 0 0 0.150000 11.809217
122 121 123 0 0 0.150000 5.244321
123 122 124 0 0 0.150000 3.933408
124 123 124 0 0 0.150000 4.556090
125 97 126 0 0 0.150000 8.771104
126 125 127 0 0 0.150000 7.828550
127 126 128 0 0 0.150000 17.393898
128 127 129 0 0 0.150000 1.229349
129 128 130 1 141 0.150000 4.110718
130 129 131 0 0 0.150000 6.349488
131 130 132 0 0 0.150000 5.677121
132 131 133 0 0 0.150000 6.876351
133 132 134 0 0 0.150000 5.317462
134 133 135 0 0 0.150000 10.968031
135 134 136 0 0 0.150000 19.468295
136 135 137 0 0 0.150000 9.274745
137 136 138 0 0 0.150000 11.263507
138 137 139 0 0 0.150000 7.762178
139 138 140 0 0 0.150000 3.653108
140 139 140 0 0 0.150000 5.139027
141 129 142 0 0 0.150000 7.388234
142 141 143 0 0 0.150000 9.231197
143 142 144 0 0 0.150000 4.030347
144 143 145 0 0 0.150000 11.839134
145 144 146 0 0 0.150000 6.129812
146 145 147 0 0 0.150000 6.819406
147 146 148 0 0 0.150000 15.504196
148 147 149 0 0 0.150000 6.611550
149 148 149 0 0 0.150000 6.166621
150 95 151 0 0 0.150000 4.268624
151 150 152 0 0 0.150000 5.595411
152 151 153 0 0 0.150000 5.378604
153 152 154 0 0 0.150000 6.108855
154 153 155 0 0 0.150000 6.229711
155 154 156 0 0 0.150000 3.927261
156 155 157 0 0 0.150000 7.551816
157 156 158 0 0 0.150000 9.504915
158 157 159 0 0 0.150000 6.971556
159 158 160 0 0 0.150000 7.181330
160 159 161 0 0 0.150000 5.517626
161 160 162 0 0 0.150000 3.749147
162 161 163 0 0 0.150000 4.715305
163 162 164 0 0 0.150000 3.748426
164 163 165 0 0 0.150000 7.650157
165 164 166 0 0 0.150000 4.740738
166 165 167 0 0 0.150000 8.554332
167 166 167 0 0 0.150000 24.912604
168 94 169 1 209 1.500000 9.511549
169 168 170 0 0 0.150000 7.455790
170 169 171 0 0 0.150000 6.990987
171 170 172 1 186 0.150000 4.846682
172 171 173 0 0 0.150000 3.741083
173 172 174 0 0 0.150000 5.387061
174 173 175 0 0 0.150000 3.281144
175 174 176 0 0 0.150000 6.397275
176 175 177 0 0 0.150000 5.150833
177 176 178 0 0 0.150000 3.572023
178 177 179 0 0 0.150000 7.086983
179 178 180 0 0 0.150000 3.204512
180 179 181 0 0 0.150000 3.283382
181 180 182 0 0 0.150000 3.772970
182 181 183 0 0 0.150000 4.745903
183 182 184 0 0 0.150000 4.058091
184 183 185 0 0 0.150000 4.064062
185 184 185 0 0 0.150000 9.708125
186 171 187 0 0 0.150000 15.914682
187 186 188 0 0 0.150000 18.045515
188 187 189 0 0 0.150000 5.408262
189 188 190 0 0 0.150000 9.269978
190 189 191 1 199 0.150000 4.986482
191 190 192 0 0 0.150000 8.246393
192 191 193 0 0 0.150000 9.634822
193 192 194 0 0 0.150000 11.685067
194 193 195 0 0 0.150000 9.861952
195 194 196 0 0 0.150000 9.292459
196 195 197 0 0 0.150000 5.899330
197 196 198 0 0 0.150000 3.640728
198 197 198 0 0 0.150000 6.039240
199 190 200 0 0 0.150000 12.125756
200 199 201 0 0 0.150000 4.565709
201 200 202 0 0 0.150000 7.316515
202 201 203 0 0 0.150000 9.292870
203 202 204 0 0 0.150000 12.478710
204 203 205 0 0 0.150000 8.442960
205 204 206 0 0 0.150000 12.410031
206 205 207 0 0 0.150000 6.685573
207 206 208 0 0 0.150000 6.268126
208 207 208 0 0 0.150000 1.582693
209 168 210 1 239 1.500000 11.689425
210 209 211 0 0 0.150000 13.684674
211 210 212 0 0 0.150000 6.727979
212 211 213 0 0 0.150000 8.041952
213 212 214 0 0 0.150000 13.496522
214 213 215 1 225 0.150000 5.721681
215 214 216 0 0 0.150000 8.517332
216 215 217 0 0 0.150000 7.756504
217 216 218 0 0 0.150000 6.443066
218 217 219 0 0 0.150000 8.326812
219 218 220 0 0 0.150000 8.911406
220 219 221 0 0 0.150000 7.010210
221 220 222 0 0 0.150000 6.777656
222 221 223 0 0 0.150000 7.220444
223 222 224 0 0 0.150000 8.982908
224 223 224 0 0 0.150000 9.340388
225 214 226 0 0 0.150000 11.228919
226 225 227 0 0 0.150000 8.886225
227 226 228 0 0 0.150000 10.786960
228 227 229 0 0 0.150000 7.454939
229 228 230 0 0 0.150000 5.012676
230 229 231 0 0 0.150000 5.562949
231 230 232 0 0 0.150000 10.853107
232 231 233 0 0 0.150000 12.585597
233 232 234 0 0 0.150000 11.140607
234 233 235 0 0 0.150000 14.288744
235 234 236 0 0 0.150000 14.709053
236 235 237 0 0 0.150000 8.179476
237 236 238 0 0 0.150000 10.096223
238 237 238 0 0 0.150000 14.223478
239 209 240 1 285 1.200000 10.700940
240 239 241 0 0 0.150000 8.972569
241 240 242 0 0 0.150000 14.283343
242 241 243 0 0 0.150000 8.268047
243 242 244 1 272 0.150000 4.068612
244 243 245 0 0 0.150000 8.584364
245 244 246 0 0 0.150000 5.029413
246 245 247 1 260 0.150000 4.075218
247 246 248 0 0 0.150000 11.158342
248 247 249 0 0 0.150000 9.634885
249 248 250 0 0 0.150000 13.491879
250 249 251 0 0 0.150000 10.994126
251 250 252 0 0 0.150000 4.437308
252 251 253 0 0 0.150000 9.653419
253 252 254 0 0 0.150000 7.866575
254 253 255 0 0 0.150000 6.039313
255 254 256 0 0 0.150000 2.504716
256 255 257 0 0 0.150000 3.526769
257 256 258 0 0 0.150000 3.732506
258 257 259 0 0 0.150000 2.767671
259 258 259 0 0 0.150000 3.778161
260 246 261 0 0 0.150000 8.621792
261 260 262 0 0 0.150000 13.893527
262 261 263 0 0 0.150000 10.899468
263 262 264 0 0 0.150000 13.232279
264 263 265 0 0 0.150000 20.060334
265 264 266 0 0 0.150000 6.474998
266 265 267 0 0 0.150000 9.365388
267 266 268 0 0 0.150000 6.780391
268 267 269 0 0 0.150000 12.832665
269 268 270 0 0 0.150000 12.482083
270 269 271 0 0 0.150000 5.392300
271 270 271 0 0 0.150000 1.800750
272 243 273 0 0 0.150000 5.091964
273 272 274 0 0 0.150000 6.001900
274 273 275 0 0 0.150000 6.935272
275 274 276 0 0 0.150000 3.615660
276 275 277 0 0 0.150000 7.726901
277 276 278 0 0 0.150000 4.124755
278 277 279 0 0 0.150000 7.797750
279 278 280 0 0 0.150000 5.604802
280 279 281 0 0 0.150000 6.908690
281 280 282 0 0 0.150000 4.325748
282 281 283 0 0 0.150000 6.654179
283 282 284 0 0 0.150000 4.977449
284 283 284 0 0 0.150000 17.080081
285 239 286 1 303 1.000000 11.423707
286 285 287 0 0 0.150000 10.109826
287 286 288 0 0 0.150000 8.588033
288 287 289 0 0 0.150000 3.707155
289 288 290 0 0 0.150000 2.716264
290 289 291 0 0 0.150000 7.074242
291 290 292 0 0 0.150000 7.762635
292 291 293 0 0 0.150000 4.740432
293 292 294 0 0 0.150000 3.617858
294 293 295 0 0 0.150000 2.913314
295 294 296 0 0 0.150000 3.762247
296 295 297 0 0 0.150000 4.858457
297 296 298 0 0 0.150000 14.487588
298 297 299 0 0 0.150000 11.011577
299 298 300 0 0 0.150000 9.703889
300 299 301 0 0 0.150000 3.909898
301 300 302 0 0 0.150000 4.554514
302 301 302 0 0 0.150000 16.728025
303 285 304 1 352 1.000000 9.801563
304 303 305 0 0 0.150000 3.534303
305 304 306 1 319 0.150000 7.001578
306 305 307 0 0 0.150000 8.600727
307 306 308 0 0 0.150000 7.156340
308 307 309 0 0 0.150000 6.378668
309 308 310 0 0 0.150000 13.190304
310 309 311 0 0 0.150000 7.576922
311 310 312 0 0 0.150000 10.292518
312 311 313 0 0 0.150000 12.252829
313 312 314 0 0 0.150000 14.395239
314 313 315 0 0 0.150000 14.265439
315 314 316 0 0 0.150000 17.400487
316 315 317 0 0 0.150000 8.818853
317 316 318 0 0 0.150000 6.474634
318 317 318 0 0 0.150000 8.756055
319 305 320 0 0 0.150000 12.305633
320 319 321 0 0 0.150000 13.328286
321 320 322 0 0 0.150000 15.865333
322 321 323 0 0 0.150000 6.952045
323 322 324 1 334 0.150000 4.557472
324 323 325 0 0 0.150000 8.110610
325 324 326 0 0 0.150000 8.428315
326 325 327 0 0 0.150000 7.052269
327 326 328 0 0 0.150000 9.508889
328 327 329 0 0 0.150000 8.193031
329 328 330 0 0 0.150000 7.643358
330 329 331 0 0 0.150000 4.634037
331 330 332 0 0 0.150000 4.126815
332 331 333 0 0 0.150000 3.085660
333 332 333 0 0 0.150000 5.039408
334 323 335 0 0 0.150000 6.519203
335 334 336 0 0 0.150000 7.454839
336 335 337 0 0 0.150000 9.619242
337 336 338 0 0 0.150000 8.031096
338 337 339 0 0 0.150000 5.224111
339 338 340 0 0 0.150000 6.096630
340 339 341 0 0 0.150000 7.274027
341 340 342 0 0 0.150000 15.974869
342 341 343 0 0 0.150000 5.778568
343 342 344 0 0 0.150000 11.243908
344 343 345 0 0 0.150000 10.521566
345 344 346 0 0 0.150000 9.893715
346 345 347 0 0 0.150000 11.940290
347 346 348 0 0 0.150000 8.812715
348 347 349 0 0 0.150000 4.877996
349 348 350 0 0 0.150000 7.251929
350 349 351 0 0 0.150000 5.778322
351 350 351 0 0 0.150000 51.008289
352 303 353 1 615 1.000000 8.077319
353 352 354 0 0 0.500000 3.142232
354 353 355 1 368 0.500000 7.878084
355 354 356 0 0 0.150000 6.791157
356 355 357 0 0 0.150000 7.000287
357 356 358 0 0 0.150000 5.297996
358 357 359 0 0 0.150000 9.409648
359 358 360 0 0 0.150000 10.124360
360 359 361 0 0 0.150000 6.429540
361 360 362 0 0 0.150000 9.835662
362 361 363 0 0 0.150000 9.790186
363 362 364 0 0 0.150000 9.176736
364 363 365 0 0 0.150000 20.205952
365 364 366 0 0 0.150000 12.085558
366 365 367 0 0 0.150000 9.522241
367 366 367 0 0 0.150000 4.085961
368 354 369 1 409 0.400000 3.187963
369 368 370 0 0 0.150000 2.749709
370 369 371 0 0 0.150000 4.294511
371 370 372 0 0 0.150000 2.768957
372 371 373 0 0 0.150000 2.935292
373 372 374 1 393 0.150000 4.242613
374 373 375 0 0 0.150000 3.415126
375 374 376 0 0 0.150000 6.024642
376 375 377 0 0 0.150000 5.208185
377 376 378 0 0 0.150000 9.056085
378 377 379 0 0 0.150000 5.124629
379 378 380 0 0 0.150000 6.987356
380 379 381 0 0 0.150000 5.297748
381 380 382 0 0 0.150000 10.126273
382 381 383 0 0 0.150000 5.168249
383 382 384 0 0 0.150000 4.378641
384 383 385 0 0 0.150000 4.279498
385 384 386 0 0 0.150000 4.525627
386 385 387 0 0 0.150000 8.069975
387 386 388 0 0 0.150000 7.852083
388 387 389 0 0 0.150000 9.061793
389 388 390 0 0 0.150000 9.203391
390 389 391 0 0 0.150000 7.813143
391 390 392 0 0 0.150000 3.770743
392 391 392 0 0 0.150000 3.536725
393 373 394 0 0 0.150000 4.433066
394 393 395 0 0 0.150000 4.976779
395 394 396 0 0 0.150000 5.138936
396 395 397 0 0 0.150000 3.510331
397 396 398 0 0 0.150000 4.727092
398 397 399 0 0 0.150000 9.437131
399 398 400 0 0 0.150000 7.373941
400 399 401 0 0 0.150000 6.957896
401 400 402 0 0 0.150000 8.465831
402 401 403 0 0 0.150000 5.411641
403 402 404 0 0 0.150000 12.451474
404 403 405 0 0 0.150000 6.668058
405 404 406 0 0 0.150000 7.074178
406 405 407 0 0 0.150000 5.885040
407 406 408 0 0 0.150000 2.787831
408 407 408 0 0 0.150000 11.548356
409 368 410 0 0 0.400000 18.109365
410 409 411 0 0 0.400000 14.140054
411 410 412 1 424 0.400000 5.430407
412 411 413 0 0 0.150000 15.972951
413 412 414 0 0 0.150000 18.165825
414 413 415 0 0 0.150000 18.600906
415 414 416 0 0 0.150000 25.670333
416 415 417 0 0 0.150000 15.411508
417 416 418 0 0 0.150000 13.503393
418 417 419 0 0 0.150000 10.697307
419 418 420 0 0 0.150000 9.034622
420 419 421 0 0 0.150000 10.058665
421 420 422 0 0 0.150000 8.509411
422 421 423 0 0 0.150000 8.383850
423 422 423 0 0 0.150000 8.646480
424 411 425 1 439 0.400000 3.940326
425 424 426 0 0 0.150000 7.192975
426 425 427 0 0 0.150000 5.463104
427 426 428 0 0 0.150000 7.521835
428 427 429 0 0 0.150000 8.506974
429 428 430 0 0 0.150000 17.132265
430 429 431 0 0 0.150000 16.798214
431 430 432 0 0 0.150000 9.032502
432 431 433 0 0 0.150000 12.226729
433 432 434 0 0 0.150000 5.514209
434 433 435 0 0 0.150000 6.250000
435 434 436 0 0 0.150000 5.930396
436 435 437 0 0 0.150000 7.590125
437 436 438 0 0 0.150000 7.032866
438 437 438 0 0 0.150000 6.365782
439 424 440 1 453 0.300000 2.464392
440 439 441 0 0 0.150000 10.148261
441 440 442 0 0 0.150000 7.628544
442 441 443 0 0 0.150000 3.862342
443 442 444 0 0 0.150000 6.981307
444 443 445 0 0 0.150000 4.997190
445 444 446 0 0 0.150000 7.842119
446 445 447 0 0 0.150000 10.644177
447 446 448 0 0 0.150000 12.601528
448 447 449 0 0 0.150000 5.721337
449 448 450 0 0 0.150000 8.470567
450 449 451 0 0 0.150000 7.041719
451 450 452 0 0 0.150000 6.562538
452 451 452 0 0 0.150000 4.021835
453 439 454 1 468 0.300000 5.117455
454 453 455 0 0 0.150000 12.523831
455 454 456 0 0 0.150000 13.524932
456 455 457 0 0 0.150000 11.293405
457 456 458 0 0 0.150000 14.646582
458 457 459 0 0 0.150000 12.603049
459 458 460 0 0 0.150000 10.992633
460 459 461 0 0 0.150000 14.701973
461 460 462 0 0 0.150000 6.281767
462 461 463 0 0 0.150000 7.840466
463 462 464 0 0 0.150000 7.402108
464 463 465 0 0 0.150000 17.499457
465 464 466 0 0 0.150000 6.200597
466 465 467 0 0 0.150000 5.888981
467 466 467 0 0 0.150000 12.661889
468 453 469 0 0 0.300000 12.597285
469 468 470 1 484 0.300000 5.079431
470 469 471 0 0 0.150000 8.278505
471 470 472 0 0 0.150000 5.140015
472 471 473 0 0 0.150000 7.452095
473 472 474 0 0 0.150000 3.095565
474 473 475 0 0 0.150000 5.148346
475 474 476 0 0 0.150000 4.391127
476 475 477 0 0 0.150000 6.235519
477 476 478 0 0 0.150000 6.187221
478 477 479 0 0 0.150000 3.845998
479 478 480 0 0 0.150000 2.713669
480 479 481 0 0 0.150000 5.840796
481 480 482 0 0 0.150000 3.653834
482 481 483 0 0 0.150000 2.446651
483 482 483 0 0 0.150000 13.117351
484 469 485 0 0 0.250000 9.644502
485 484 486 1 495 0.200000 3.833612
486 485 487 0 0 0.150000 10.658805
487 486 488 0 0 0.150000 14.533239
488 487 489 0 0 0.150000 13.916307
489 488 490 0 0 0.150000 7.415754
490 489 491 0 0 0.150000 10.767243
491 490 492 0 0 0.150000 5.614101
492 491 493 0 0 0.150000 5.200605
493 492 494 0 0 0.150000 1.587911
494 493 494 0 0 0.150000 11.536745
495 485 496 1 507 0.200000 8.889998
496 495 497 0 0 0.150000 10.773802
497 496 498 0 0 0.150000 18.124744
498 497 499 0 0 0.150000 14.700637
499 498 500 0 0 0.150000 14.194021
500 499 501 0 0 0.150000 17.131769
501 500 502 0 0 0.150000 17.981532
502 501 503 0 0 0.150000 23.414692
503 502 504 0 0 0.150000 13.610489
504 503 505 0 0 0.150000 12.194973
505 504 506 0 0 0.150000 8.811069
506 505 506 0 0 0.150000 12.027950
507 495 508 1 517 0.200000 7.410518
508 507 509 0 0 0.150000 21.156348
509 508 510 0 0 0.150000 10.806322
510 509 511 0 0 0.150000 11.537556
511 510 512 0 0 0.150000 8.985045
512 511 513 0 0 0.150000 11.115957
513 512 514 0 0 0.150000 13.375650
514 513 515 0 0 0.150000 14.405405
515 514 516 0 0 0.150000 13.034071
516 515 516 0 0 0.150000 12.706132
517 507 518 1 526 0.200000 4.567885
518 517 519 0 0 0.150000 10.236943
519 518 520 0 0 0.150000 9.236991
520 519 521 0 0 0.150000 11.603568
521 520 522 0 0 0.150000 7.650155
522 521 523 0 0 0.150000 8.543199
523 522 524 0 0 0.150000 6.513563
524 523 525 0 0 0.150000 5.514644
525 524 525 0 0 0.150000 26.694118
526 517 527 0 0 0.200000 17.131224
527 526 528 0 0 0.200000 11.172865
528 527 529 1 539 0.150000 2.934946
529 528 530 0 0 0.150000 8.530521
530 529 531 0 0 0.150000 4.700670
531 530 532 0 0 0.150000 7.696155
532 531 533 0 0 0.150000 8.402767
533 532 534 0 0 0.150000 7.090755
534 533 535 0 0 0.150000 7.844998
535 534 536 0 0 0.150000 7.142892
536 535 537 0 0 0.150000 9.837083
537 536 538 0 0 0.150000 7.170314
538 537 538 0 0 0.150000 21.221537
539 528 540 0 0 0.150000 23.133353
540 539 541 0 0 0.150000 18.653635
541 540 542 0 0 0.150000 10.578610
542 541 543 0 0 0.150000 5.548315
543 542 544 1 559 0.150000 3.719099
544 543 545 0 0 0.150000 4.605779
545 544 546 0 0 0.150000 8.886602
546 545 547 0 0 0.150000 4.542048
547 546 548 0 0 0.150000 7.277293
548 547 549 0 0 0.150000 10.121013
549 548 550 0 0 0.150000 8.500035
550 549 551 0 0 0.150000 10.177269
551 550 552 0 0 0.150000 13.793060
552 551 553 0 0 0.150000 5.757291
553 552 554 0 0 0.150000 8.561565
554 553 555 0 0 0.150000 6.383541
555 554 556 0 0 0.150000 4.010100
556 555 557 0 0 0.150000 7.086579
557 556 558 0 0 0.150000 7.104147
558 557 558 0 0 0.150000 10.478359
559 543 560 1 578 0.150000 6.848248
560 559 561 0 0 0.150000 20.775685
561 560 562 0 0 0.150000 17.865064
562 561 563 0 0 0.150000 25.596181
563 562 564 0 0 0.150000 24.358335
564 563 565 0 0 0.150000 13.278968
565 564 566 0 0 0.150000 23.022133
566 565 567 0 0 0.150000 22.548153
567 566 568 0 0 0.150000 19.260127
568 567 569 0 0 0.150000 12.286826
569 568 570 0 0 0.150000 14.845727
570 569 571 0 0 0.150000 11.047303
571 570 572 0 0 0.150000 14.262275
572 571 573 0 0 0.150000 8.752714
573 572 574 0 0 0.150000 11.403350
574 573 575 0 0 0.150000 9.291442
575 574 576 0 0 0.150000 4.501822
576 575 577 0 0 0.150000 9.432794
577 576 577 0 0 0.150000 28.315296
578 559 579 1 603 0.150000 10.789351
579 578 580 0 0 0.150000 8.539738
580 579 581 0 0 0.150000 13.026615
581 580 582 0 0 0.150000 12.692739
582 581 583 0 0 0.150000 9.174475
583 582 584 0 0 0.150000 9.249399
584 583 585 0 0 0.150000 4.417665
585 584 586 0 0 0.150000 2.342713
586 585 587 0 0 0.150000 6.342620
587 586 588 0 0 0.150000 5.513666
588 587 589 0 0 0.150000 5.426463
589 588 590 0 0 0.150000 4.718411
590 589 591 0 0 0.150000 5.505633
591 590 592 0 0 0.150000 5.502200
592 591 593 0 0 0.150000 7.336961
593 592 594 0 0 0.150000 6.096245
594 593 595 0 0 0.150000 4.233734
595 594 596 0 0 0.150000 4.397923
596 595 597 0 0 0.150000 4.639597
597 596 598 0 0 0.150000 7.354581
598 597 599 0 0 0.150000 8.491161
599 598 600 0 0 0.150000 16.316789
600 599 601 0 0 0.150000 13.321111
601 600 602 0 0 0.150000 7.167071
602 601 602 0 0 0.150000 6.792592
603 578 604 0 0 0.150000 8.915834
604 603 605 0 0 0.150000 14.508649
605 604 606 0 0 0.150000 9.266547
606 605 607 0 0 0.150000 11.326540
607 606 608 0 0 0.150000 13.558613
608 607 609 0 0 0.150000 14.156416
609 608 610 0 0 0.150000 13.344100
610 609 611 0 0 0.150000 12.222766
611 610 612 0 0 0.150000 6.595453
612 611 613 0 0 0.150000 4.380651
613 612 614 0 0 0.150000 2.500720
614 613 614 0 0 0.150000 10.006707
615 352 616 1 638 0.800000 7.419517
616 615 617 0 0 0.150000 8.182377
617 616 618 1 626 0.150000 10.038107
618 617 619 0 0 0.150000 6.766129
619 618 620 0 0 0.150000 14.222394
620 619 621 0 0 0.150000 11.485491
621 620 622 0 0 0.150000 9.979449
622 621 623 0 0 0.150000 6.228298
623 622 624 0 0 0.150000 3.681861
624 623 625 0 0 0.150000 3.338533
625 624 625 0 0 0.150000 5.032504
626 617 627 0 0 0.150000 4.008054
627 626 628 0 0 0.150000 3.112250
628 627 629 0 0 0.150000 4.554119
629 628 630 0 0 0.150000 8.694424
630 629 631 0 0 0.150000 11.198964
631 630 632 0 0 0.150000 17.059947
632 631 633 0 0 0.150000 17.486054
633 632 634 0 0 0.150000 15.029654
634 633 635 0 0 0.150000 14.212871
635 634 636 0 0 0.150000 9.096065
636 635 637 0 0 0.150000 6.398484
637 636 637 0 0 0.150000 33.940259
638 615 639 1 653 0.600000 5.119228
639 638 640 0 0 0.150000 7.382522
640 639 641 0 0 0.150000 8.159020
641 640 642 0 0 0.150000 15.045266
642 641 643 0 0 0.150000 22.668276
643 642 644 0 0 0.150000 15.344029
644 643 645 0 0 0.150000 20.060215
645 644 646 0 0 0.150000 10.319292
646 645 647 0 0 0.150000 15.997863
647 646 648 0 0 0.150000 8.033455
648 647 649 0 0 0.150000 6.917739
649 648 650 0 0 0.150000 5.171006
650 649 651 0 0 0.150000 5.007209
651 650 652 0 0 0.150000 6.908111
652 651 652 0 0 0.150000 10.258723
653 638 654 1 665 0.550000 4.558208
654 653 655 0 0 0.150000 9.787277
655 654 656 0 0 0.150000 10.667521
656 655 657 0 0 0.150000 14.426878
657 656 658 0 0 0.150000 15.482668
658 657 659 0 0 0.150000 7.004029
659 658 660 0 0 0.150000 19.030134
660 659 661 0 0 0.150000 17.588042
661 660 662 0 0 0.150000 15.304476
662 661 663 0 0 0.150000 5.969292
663 662 664 0 0 0.150000 7.198438
664 663 664 0 0 0.150000 25.427792
665 653 666 1 686 0.550000 9.609659
666 665 667 0 0 0.150000 12.424238
667 666 668 0 0 0.150000 15.082818
668 667 669 0 0 0.150000 19.106993
669 668 670 1 678 0.150000 8.058896
670 669 671 0 0 0.150000 17.115633
671 670 672 0 0 0.150000 17.338276
672 671 673 0 0 0.150000 14.614096
673 672 674 0 0 0.150000 11.742679
674 673 675 0 0 0.150000 6.153373
675 674 676 0 0 0.150000 7.210671
676 675 677 0 0 0.150000 6.790729
677 676 677 0 0 0.150000 11.527380
678 669 679 0 0 0.150000 14.041058
679 678 680 0 0 0.150000 13.043930
680 679 681 0 0 0.150000 13.107341
681 680 682 0 0 0.150000 13.526792
682 681 683 0 0 0.150000 14.539756
683 682 684 0 0 0.150000 12.066358
684 683 685 0 0 0.150000 8.517159
685 684 685 0 0 0.150000 19.400206
686 665 687 1 697 0.550000 5.375221
687 686 688 0 0 0.150000 14.542272
688 687 689 0 0 0.150000 15.766336
689 688 690 0 0 0.150000 19.378021
690 689 691 0 0 0.150000 16.448914
691 690 692 0 0 0.150000 9.869265
692 691 693 0 0 0.150000 13.996839
693 692 694 0 0 0.150000 7.847150
694 693 695 0 0 0.150000 3.359455
695 694 696 0 0 0.150000 2.682672
696 695 696 0 0 0.150000 15.910676
697 686 698 1 705 0.550000 6.725861
698 697 699 0 0 0.150000 6.586934
699 698 700 0 0 0.150000 6.285261
700 699 701 0 0 0.150000 4.634048
701 700 702 0 0 0.150000 4.637176
702 701 703 0 0 0.150000 4.183121
703 702 704 0 0 0.150000 3.533907
704 703 704 0 0 0.150000 9.864710
705 697 706 1 717 0.500000 7.045523
706 705 707 0 0 0.150000 13.703576
707 706 708 0 0 0.150000 16.841597
708 707 709 0 0 0.150000 12.475744
709 708 710 0 0 0.150000 18.531874
710 709 711 0 0 0.150000 19.467879
711 710 712 0 0 0.150000 13.854725
712 711 713 0 0 0.150000 14.301556
713 712 714 0 0 0.150000 12.550113
714 713 715 0 0 0.150000 15.166166
715 714 716 0 0 0.150000 8.104620
716 715 716 0 0 0.150000 7.565613
717 705 718 1 730 0.500000 4.501089
718 717 719 0 0 0.150000 15.742989
719 718 720 0 0 0.150000 18.528087
720 719 721 0 0 0.150000 17.186951
721 720 722 0 0 0.150000 10.872240
722 721 723 0 0 0.150000 5.326500
723 722 724 0 0 0.150000 7.502373
724 723 725 0 0 0.150000 11.543760
725 724 726 0 0 0.150000 13.507124
726 725 727 0 0 0.150000 10.348797
727 726 728 0 0 0.150000 9.206677
728 727 729 0 0 0.150000 3.217903
729 728 729 0 0 0.150000 18.968368
730 717 731 0 0 0.400000 14.921076
731 730 732 1 745 0.400000 7.352911
732 731 733 0 0 0.150000 6.375116
733 732 734 0 0 0.150000 11.116245
734 733 735 0 0 0.150000 5.198923
735 734 736 0 0 0.150000 9.360929
736 735 737 0 0 0.150000 9.751949
737 736 738 0 0 0.150000 8.472308
738 737 739 0 0 0.150000 14.767390
739 738 740 0 0 0.150000 16.637013
740 739 741 0 0 0.150000 15.573182
741 740 742 0 0 0.150000 10.608732
742 741 743 0 0 0.150000 4.627548
743 742 744 0 0 0.150000 3.006476
744 743 744 0 0 0.150000 22.403011
745 731 746 0 0 0.300000 21.586121
746 745 747 1 832 0.300000 10.856187
747 746 748 0 0 0.150000 15.865563
748 747 749 0 0 0.150000 21.253294
749 748 750 1 757 0.150000 3.989048
750 749 751 0 0 0.150000 9.698577
751 750 752 0 0 0.150000 10.403346
752 751 753 0 0 0.150000 8.153827
753 752 754 0 0 0.150000 6.784696
754 753 755 0 0 0.150000 8.034575
755 754 756 0 0 0.150000 4.669315
756 755 756 0 0 0.150000 13.600460
757 749 758 1 783 0.150000 9.640337
758 757 759 0 0 0.150000 16.112058
759 758 760 0 0 0.150000 11.823540
760 759 761 0 0 0.150000 14.538779
761 760 762 0 0 0.150000 20.220445
762 761 763 0 0 0.150000 11.799768
763 762 764 0 0 0.150000 17.486243
764 763 765 0 0 0.150000 15.748092
765 764 766 0 0 0.150000 13.595944
766 765 767 0 0 0.150000 7.739355
767 766 768 0 0 0.150000 4.964365
768 767 769 0 0 0.150000 7.363857
769 768 770 0 0 0.150000 7.104850
770 769 771 0 0 0.150000 10.206782
771 770 772 0 0 0.150000 10.024470
772 771 773 0 0 0.150000 10.633325
773 772 774 0 0 0.150000 10.517799
774 773 775 0 0 0.150000 15.214651
775 774 776 0 0 0.150000 7.520432
776 775 777 0 0 0.150000 17.453355
777 776 778 0 0 0.150000 13.628063
778 777 779 0 0 0.150000 7.704291
779 778 780 0 0 0.150000 9.592622
780 779 781 0 0 0.150000 9.300220
781 780 782 0 0 0.150000 1.520164
782 781 782 0 0 0.150000 11.275123
783 757 784 0 0 0.150000 11.352713
784 783 785 0 0 0.150000 3.658360
785 784 786 0 0 0.150000 5.192504
786 785 787 0 0 0.150000 3.836001
787 786 788 0 0 0.150000 5.102529
788 787 789 0 0 0.150000 5.774936
789 788 790 0 0 0.150000 5.558389
790 789 791 0 0 0.150000 4.368546
791 790 792 0 0 0.150000 6.982573
792 791 793 0 0 0.150000 8.974446
793 792 794 0 0 0.150000 6.186009
794 793 795 1 813 0.150000 4.022110
795 794 796 0 0 0.150000 6.244169
796 795 797 0 0 0.150000 4.407158
797 796 798 0 0 0.150000 10.087395
798 797 799 0 0 0.150000 5.992414
799 798 800 0 0 0.150000 10.599816
800 799 801 0 0 0.150000 6.631900
801 800 802 0 0 0.150000 6.155234
802 801 803 0 0 0.150000 11.292427
803 802 804 0 0 0.150000 11.901504
804 803 805 0 0 0.150000 10.988198
805 804 806 0 0 0.150000 13.776825
806 805 807 0 0 0.150000 15.078558
807 806 808 0 0 0.150000 21.645230
808 807 809 0 0 0.150000 21.604187
809 808 810 0 0 0.150000 11.174547
810 809 811 0 0 0.150000 10.110193
811 810 812 0 0 0.150000 6.986652
812 811 812 0 0 0.150000 4.329340
813 794 814 0 0 0.150000 10.025020
814 813 815 0 0 0.150000 6.997162
815 814 816 0 0 0.150000 11.871667
816 815 817 0 0 0.150000 12.188270
817 816 818 0 0 0.150000 10.858913
818 817 819 0 0 0.150000 10.065864
819 818 820 0 0 0.150000 13.200842
820 819 821 0 0 0.150000 11.205824
821 820 822 0 0 0.150000 7.728422
822 821 823 0 0 0.150000 6.656988
823 822 824 0 0 0.150000 11.329154
824 823 825 0 0 0.150000 10.033171
825 824 826 0 0 0.150000 4.044456
826 825 827 0 0 0.150000 7.221544
827 826 828 0 0 0.150000 9.530260
828 827 829 0 0 0.150000 8.110586
829 828 830 0 0 0.150000 9.039986
830 829 831 0 0 0.150000 11.240980
831 830 831 0 0 0.150000 20.567948
832 746 833 0 0 0.300000 13.430748
833 832 834 0 0 0.300000 19.159449
834 833 835 0 0 0.250000 15.057971
835 834 836 0 0 0.250000 7.218649
836 835 837 0 0 0.250000 12.489692
837 836 838 1 867 0.250000 4.143670
838 837 839 0 0 0.150000 7.121966
839 838 840 0 0 0.150000 3.749187
840 839 841 0 0 0.150000 4.547527
841 840 842 0 0 0.150000 4.649731
842 841 843 0 0 0.150000 4.150133
843 842 844 0 0 0.150000 6.863352
844 843 845 0 0 0.150000 5.515152
845 844 846 0 0 0.150000 9.917303
846 845 847 0 0 0.150000 14.700235
847 846 848 0 0 0.150000 15.220779
848 847 849 0 0 0.150000 12.159609
849 848 850 0 0 0.150000 2.955266
850 849 851 0 0 0.150000 6.595612
851 850 852 0 0 0.150000 7.050504
852 851 853 0 0 0.150000 4.955240
853 852 854 0 0 0.150000 4.534799
854 853 855 0 0 0.150000 7.571816
855 854 856 0 0 0.150000 10.386934
856 855 857 0 0 0.150000 15.432615
857 856 858 0 0 0.150000 16.752313
858 857 859 0 0 0.150000 18.274890
859 858 860 0 0 0.150000 11.210446
860 859 861 0 0 0.150000 6.722767
861 860 862 0 0 0.150000 10.077703
862 861 863 0 0 0.150000 9.508607
863 862 864 0 0 0.150000 5.692416
864 863 865 0 0 0.150000 4.536122
865 864 866 0 0 0.150000 3.710849
866 865 866 0 0 0.150000 6.573097
867 837 868 0 0 0.200000 8.661184
868 867 869 0 0 0.200000 7.468896
869 868 870 1 875 0.200000 5.001010
870 869 871 0 0 0.150000 10.064795
871 870 872 0 0 0.150000 5.720175
872 871 873 0 0 0.150000 4.575467
873 872 874 0 0 0.150000 0.500100
874 873 874 0 0 0.150000 6.696454
875 869 876 0 0 0.150000 4.780837
876 875 877 0 0 0.150000 5.991002
877 876 878 0 0 0.150000 3.909783
878 877 878 0 0 0.150000 6.805557
